Gene	tissue	locus_leadSNP	PP_H0	PP_H1	PP_H2	PP_H3	PP_H4	coloc_tier
HYAL3	Brain_Substantia_nigra	rs7613360	9.35572348462254e-08	5.2433762310439e-08	0.0036672677076145	0.00106003234711362	0.995272553954275	STRONG
ARTN	Brain_Putamen_basal_ganglia	rs1198982	2.5781987738729e-06	0.00647431963638696	8.33776279021269e-06	0.0199640674196849	0.973550696982364	STRONG
LINC02918	Brain_Anterior_cingulate_cortex_BA24	rs1198982	5.65327785213244e-09	0.00570991083896737	3.40385504698354e-08	0.0334186679501872	0.960871381519017	STRONG
LINC02918	Brain_Caudate_basal_ganglia	rs1198982	8.4661966002079e-10	0.00138854197383915	2.65794388061931e-08	0.042636996726969	0.955974433873133	STRONG
TIE1	Brain_Caudate_basal_ganglia	rs1198982	9.64002429298826e-06	0.00209837458536634	0.000248123429728983	0.0530652332922342	0.944578628668377	STRONG
CAMKV	Brain_Cortex	rs7613360	0.00101493132047047	0.0212277259727604	0.00170866829040065	0.034796281285657	0.941252393130712	STRONG
LINC02918	Brain_Putamen_basal_ganglia	rs1198982	8.59719769481479e-09	0.0150864910506131	2.9028945182652e-08	0.0500055190628067	0.934907952260436	STRONG
CDC20	Brain_Spinal_cord_cervical_c-1	rs1198982	0.000130845125606881	0.0273886113317213	0.000207436277852442	0.0424909533442362	0.929782153920583	STRONG
TIE1	Brain_Hippocampus	rs1198982	5.33784234173994e-05	0.0138844821450832	0.000251796283973395	0.0645745354272033	0.921235807720324	STRONG
MST1R	Brain_Frontal_Cortex_BA9	rs7613360	0.000363795487862525	0.000714512135105364	0.0283630604309047	0.0547906702508272	0.9157679616953	STRONG
GMPPB	Brain_Anterior_cingulate_cortex_BA24	rs7613360	4.09717348702227e-10	3.24713612590917e-08	0.00109544981670718	0.0859047707290348	0.912999746573181	STRONG
TIE1	Brain_Putamen_basal_ganglia	rs1198982	0.000214963407821269	0.0449963206504761	0.000225590925338752	0.0463126310284149	0.908250493987948	STRONG
ATP2B1	Brain_Cerebellum	rs704061	2.67140164830275e-05	0.0424996395827965	3.26131593518352e-05	0.0509781917550966	0.906462841486272	STRONG
TIE1	Brain_Cortex	rs1198982	1.02198202749664e-06	0.000331833131482441	0.000289421545428004	0.0930676103218761	0.906310113019187	STRONG
MST1R	Brain_Spinal_cord_cervical_c-1	rs7613360	0.000309603247092491	0.00101878620176752	0.0221784172995335	0.0720762954623005	0.904416897789306	STRONG
MED8	Brain_Caudate_basal_ganglia	rs1198982	9.70245534938288e-07	0.00043772387943955	0.000215369081909352	0.0962601441836993	0.903085792609417	STRONG
ARTN	Brain_Cortex	rs1198982	2.48197950735483e-08	0.0434561472288937	3.36175402637221e-08	0.05796124182737	0.898582552506403	STRONG
TIE1	Brain_Frontal_Cortex_BA9	rs1198982	2.60936024077554e-05	0.00922780230015063	0.000273014144451102	0.0956545390568042	0.894818550896187	STRONG
ST3GAL3	Brain_Cerebellum	rs1198982	2.93012430270501e-09	0.0270934168834194	8.86134079974261e-09	0.0810445938280948	0.891861977497021	STRONG
MED8	Brain_Cerebellar_Hemisphere	rs1198982	2.14975989719607e-05	0.00919480308294929	0.000254270780146346	0.107872267341906	0.882657161196027	STRONG
MED8	Brain_Hippocampus	rs1198982	0.000173137712489279	0.0555078889766389	0.000226744671967419	0.0718219908602549	0.87227023777865	STRONG
ELOVL1	Brain_Hippocampus	rs1198982	2.86806225822809e-05	0.0137145820813143	0.000247704607797221	0.117579667980764	0.868429364707541	STRONG
ST3GAL3	Brain_Cerebellum	rs549845	3.13933225971093e-09	0.0292590551044841	1.1117409140746e-08	0.102747954543309	0.867992976095467	STRONG
LINC02918	Brain_Cerebellum	rs1198982	1.17863805749029e-08	0.0118875105389542	1.23185968663326e-07	0.123378199579533	0.864734154909163	STRONG
GMPPB	Brain_Amygdala	rs7613360	4.76554916984254e-13	5.6677506518089e-11	0.00114363585693184	0.135150899411843	0.863705464674071	STRONG
GMPPB	Brain_Substantia_nigra	rs7613360	3.21669947648279e-12	3.71111498128831e-10	0.00124608606074025	0.142905441066557	0.855848472498375	STRONG
MST1R	Brain_Anterior_cingulate_cortex_BA24	rs7613360	0.000141184143014047	0.0029685596906291	0.00653276145792576	0.136505003244653	0.853852491463779	STRONG
GMPPB	Brain_Caudate_basal_ganglia	rs7613360	1.25298333352569e-19	1.66902889614408e-17	0.00112809438956323	0.149417678893171	0.849454226717268	STRONG
GMPPB	Brain_Nucleus_accumbens_basal_ganglia	rs7613360	2.39136495434545e-18	3.18967362955238e-16	0.00114228583488172	0.151514135094969	0.847343579070151	STRONG
GMPPB	Brain_Spinal_cord_cervical_c-1	rs7613360	8.15184591924701e-34	1.15253566878833e-31	0.00108099844754127	0.151988302085605	0.846930699466858	STRONG
SEMA3F-AS1	Brain_Cerebellar_Hemisphere	rs7613360	0.0339581835547631	0.0586160618525053	0.0230065120509717	0.0388665576880526	0.845552684853707	STRONG
GMPPB	Brain_Frontal_Cortex_BA9	rs7613360	2.72906778220235e-15	3.80719350982075e-13	0.00110811373162505	0.153742561346801	0.84514932492119	STRONG
GMPPB	Brain_Cerebellar_Hemisphere	rs7613360	1.13064143520892e-38	1.60415352771915e-36	0.00109693503604875	0.15478897638198	0.844114088581965	STRONG
GMPPB	Brain_Cerebellum	rs7613360	6.4344147042061e-47	9.13159868260401e-45	0.00110200485545297	0.155551081311311	0.843346913833232	STRONG
GMPPB	Brain_Hypothalamus	rs7613360	1.29371645732957e-21	1.82862477124017e-19	0.00111691639350455	0.157030529217929	0.841852554388566	STRONG
HYAL3	Brain_Cerebellar_Hemisphere	rs7613360	9.43532921217472e-39	5.59794925793236e-37	0.00269189273856419	0.158870658221251	0.838437449040182	STRONG
HYAL3	Brain_Hippocampus	rs7613360	4.87555328348156e-45	2.89439694143779e-43	0.00269091458147822	0.158909109310453	0.838399976108073	STRONG
HYAL3	Brain_Hypothalamus	rs7613360	1.54228294357986e-35	9.18418422052135e-34	0.0026919840458793	0.159467877427623	0.837840138526502	STRONG
HYAL3	Brain_Anterior_cingulate_cortex_BA24	rs7613360	5.56061811754851e-43	3.3402024464297e-41	0.00268591646974386	0.16050325197246	0.836810831557793	STRONG
GMPPB	Brain_Putamen_basal_ganglia	rs7613360	4.47014904519976e-28	6.30597768000277e-26	0.00116647441267696	0.163717822829217	0.835115702758103	STRONG
HYAL3	Brain_Spinal_cord_cervical_c-1	rs7613360	1.91713853045198e-16	8.97626754052054e-15	0.0034963906049174	0.162871478362478	0.833632131032592	STRONG
LINC02918	Brain_Spinal_cord_cervical_c-1	rs549845	6.45058314752442e-07	0.0301975722420858	3.0373613022253e-06	0.141361711130093	0.828437034208203	STRONG
LINC02918	Brain_Cortex	rs1198982	3.01749614124484e-09	0.035052768693876	1.18320478588716e-08	0.136618752612057	0.828328463844525	STRONG
GMPPB	Brain_Hippocampus	rs7613360	3.52231740626792e-25	4.93488323047504e-23	0.0012537458608199	0.174830027191888	0.823916226947291	STRONG
HYAL3	Brain_Cerebellum	rs7613360	8.8142189014682e-37	5.63740932308804e-35	0.00277739512777387	0.176816584417844	0.820406020454381	STRONG
GMPPB	Brain_Cortex	rs7613360	3.2844810276716e-30	4.64243544922218e-28	0.00134333975396184	0.189064181843955	0.80959247840209	STRONG
HYAL3	Brain_Putamen_basal_ganglia	rs7613360	5.53479064623788e-23	4.34491309238597e-21	0.00256901205763378	0.200875645778896	0.796555342163472	MID
HYAL3	Brain_Cortex	rs7613360	1.19696467400187e-53	9.44621047071526e-52	0.00255642390424556	0.20095146901808	0.796492107077674	MID
NAA80	Brain_Frontal_Cortex_BA9	rs7613360	2.04900427550087e-19	1.61254751444992e-17	0.00256856988365379	0.201348003391461	0.796083426724886	MID
HYAL3	Brain_Nucleus_accumbens_basal_ganglia	rs7613360	3.85994086778883e-31	3.10108325298603e-29	0.00254748812039371	0.203872061276168	0.793580450603445	MID
NAA80	Brain_Cortex	rs7613360	3.36680886581071e-18	2.69906458654731e-16	0.00258352107215936	0.206321649385743	0.791094829542094	MID
HYAL3	Brain_Caudate_basal_ganglia	rs7613360	7.3637530042618e-23	4.366055503568e-21	0.00350948599733314	0.207292341831726	0.789198172170938	MID
HYAL3	Brain_Amygdala	rs7613360	7.53099185973408e-27	4.46486662455377e-25	0.00352629550237669	0.208273758825739	0.788199945671881	MID
LINC02918	Brain_Nucleus_accumbens_basal_ganglia	rs1198982	3.67786200946349e-09	0.0252063590652804	3.05186806794199e-08	0.208394472433117	0.766399134305061	MID
ARTN	Brain_Putamen_basal_ganglia	rs549845	2.31637880579112e-08	0.00177836199159065	3.04855939480501e-06	0.233283232577077	0.764935333708151	MID
HYAL3	Brain_Frontal_Cortex_BA9	rs7613360	5.73940875804416e-67	5.62726880052024e-65	0.00243723007933062	0.238201642754704	0.759361127165953	MID
SZT2	Brain_Cerebellum	rs1198982	1.17522790719274e-06	0.034397123508124	7.43082405506384e-06	0.216740001488156	0.748854268951757	MID
ARTN	Brain_Hypothalamus	rs549845	2.12246419790821e-07	0.0155043072191524	3.43359995153234e-06	0.250085317667923	0.734406729266553	MID
MST1R	Brain_Cerebellar_Hemisphere	rs7613360	8.67316579709601e-13	1.24561402883733e-11	0.0174803267471306	0.25031499924521	0.732204673994334	MID
RNF123	Brain_Spinal_cord_cervical_c-1	rs7613360	0.00557003262849124	0.0014110212752994	0.211047208271151	0.0527340219857113	0.729237715839347	MID
MST1R	Brain_Hippocampus	rs7613360	0.0149220154920273	0.0442014139349506	0.0602285720230312	0.177703789393511	0.70294420915648	MID
NICN1	Brain_Caudate_basal_ganglia	rs7613360	0.00483539292452075	0.000688382211352334	0.258144361387125	0.0360499862216744	0.700281877255328	MID
DALRD3	Brain_Cerebellar_Hemisphere	rs7613360	0.0203698053509403	0.00298595530816774	0.24918640689244	0.035835947306843	0.691621885141609	MID
P4HTM	Brain_Spinal_cord_cervical_c-1	rs7613360	0.00603800751988566	0.000859672074448842	0.270852907224917	0.0378787944415377	0.684370618739211	MID
QRICH1	Brain_Cortex	rs7613360	0.0237383467264521	0.00337634937664787	0.256725261208762	0.0358341873768203	0.680325855311317	MID
RASSF1	Brain_Cerebellum	rs7613360	0.00142661547279504	0.0299572473543451	0.0141665270365908	0.29682278235052	0.657626827785749	MID
WDR6	Brain_Caudate_basal_ganglia	rs7613360	0.036550864784622	0.00520603312110069	0.277990927470055	0.038953660026123	0.641298514598099	MID
SEMA3F	Brain_Frontal_Cortex_BA9	rs7613360	0.0463863879160753	0.0638380173187325	0.105909886291243	0.145116880334404	0.638748828139545	MID
CCDC71	Brain_Putamen_basal_ganglia	rs7613360	0.0858449264847138	0.0122039375976385	0.235836865508513	0.0328939607101491	0.633220309698986	MID
P4HTM	Brain_Cerebellar_Hemisphere	rs7613360	0.0726525215730129	0.0103246145179785	0.249300509098598	0.0347950468331835	0.632927307977227	MID
TMEM161B-DT	Brain_Hypothalamus	rs4916723	0.00257940298943741	0.000452718218214507	0.318152384690333	0.0552162137723481	0.623599280329668	MID
QRICH1	Brain_Putamen_basal_ganglia	rs7613360	0.11301880388283	0.0160658602529481	0.232510226102503	0.0324458575394053	0.605959252222313	MID
NICN1	Brain_Putamen_basal_ganglia	rs7613360	0.0873176867845138	0.0124184093772462	0.2711480236063	0.0379718009891948	0.591144079242746	MID
LINC02918	Brain_Substantia_nigra	rs549845	4.33800542484201e-07	0.0333036116643266	4.95112838693262e-06	0.379519446462403	0.587171556944341	MID
BSN-DT	Brain_Hippocampus	rs7613360	0.0157626245222922	0.264839544021614	0.00759035991598503	0.126946404825362	0.584861066714746	MID
GPX1	Brain_Amygdala	rs7613360	0.169789896230781	0.0240784635846836	0.200276046364147	0.0278237729762382	0.57803182084415	MID
NCKIPSD	Brain_Amygdala	rs7613360	0.00223845470799548	0.00032142484852455	0.374776843282233	0.0532456493700908	0.569417627791156	MID
WDR6	Brain_Cerebellar_Hemisphere	rs7613360	1.41214298850474e-05	2.18859244968813e-06	0.376784483691256	0.0578301108863751	0.565369095400034	MID
P4HTM	Brain_Caudate_basal_ganglia	rs7613360	0.101082351060589	0.0389173049560681	0.213380687815777	0.0815877991003825	0.565031857067184	MID
ARTN	Brain_Frontal_Cortex_BA9	rs549845	1.73392529550684e-07	0.0121032514133915	6.14842404305132e-06	0.428616782452371	0.559273644317664	MID
SLC38A3	Brain_Frontal_Cortex_BA9	rs7613360	0.10686765935576	0.101614935546931	0.119998639027042	0.113542529416417	0.557976236653851	MID
WDR6	Brain_Hippocampus	rs7613360	0.0291853254482278	0.208318248089692	0.0262169651326776	0.186581065534046	0.549698395795357	MID
QRICH1	Brain_Caudate_basal_ganglia	rs7613360	0.237987161724404	0.0337497420895673	0.188083167588053	0.0261586713009534	0.514021257297022	MID
TMEM161B-DT	Brain_Caudate_basal_ganglia	rs188582	6.37666499311725e-12	0.000633267420664165	4.91987221948128e-09	0.488081858065014	0.511284869588072	MID
NCKIPSD	Brain_Substantia_nigra	rs7613360	9.97217068615471e-05	2.33994668757828e-05	0.399696303151381	0.0932809094308139	0.506899666244068	MID
P4HTM	Brain_Hypothalamus	rs7613360	0.140664806936981	0.020000052554669	0.292842324562639	0.0411316481810497	0.505361167764662	MID
MST1R	Brain_Hypothalamus	rs7613360	8.84987911346223e-05	0.00194937515852695	0.0215516219616313	0.474218376813152	0.502192127275555	MID
MST1R	Brain_Caudate_basal_ganglia	rs7613360	4.8204814139805e-07	1.06979061177891e-05	0.0215772943862585	0.47835641127635	0.500055114383133	MID
NICN1	Brain_Frontal_Cortex_BA9	rs7613360	0.0186032364878037	0.0332882514562098	0.168912055942696	0.301770357285108	0.477426098828183	WEAK
WDR6	Brain_Spinal_cord_cervical_c-1	rs7613360	0.0270666596255203	0.00985474450404788	0.356536367124993	0.129334703254419	0.47720752549102	WEAK
ARTN	Brain_Caudate_basal_ganglia	rs549845	1.92933974471747e-08	0.0033282697073673	3.0410826697406e-06	0.524139237624809	0.472529432291756	WEAK
P4HTM	Brain_Putamen_basal_ganglia	rs7613360	0.298757126335842	0.0423695794391284	0.16982776943546	0.0236194593942973	0.465426065395272	WEAK
TMEM161B-DT	Brain_Cerebellar_Hemisphere	rs188582	0.0950707147754672	0.193730595950615	0.0827832610436748	0.168231621388936	0.460183806841307	WEAK
CCDC71	Brain_Frontal_Cortex_BA9	rs7613360	0.317545724667343	0.0449795857664913	0.162714123904429	0.0225958984085316	0.452164667253205	WEAK
DALRD3	Brain_Frontal_Cortex_BA9	rs7613360	0.0141404162505126	0.231330201606264	0.0174894235720643	0.285666928526765	0.451373030044395	WEAK
LINC02918	Brain_Hippocampus	rs549845	6.49650295313354e-09	0.000475196844961464	7.54192115774421e-06	0.551217290733451	0.448299964003928	WEAK
IP6K1	Brain_Spinal_cord_cervical_c-1	rs7613360	0.339028246235006	0.047528992661335	0.155689755386658	0.0213900698861948	0.436362935830807	WEAK
P4HTM	Brain_Hippocampus	rs7613360	0.0775059663462081	0.0468154251653517	0.274377538177965	0.16529447469723	0.436006595613245	WEAK
MST1R	Brain_Cortex	rs7613360	1.16686457556188e-06	6.87099235109185e-05	0.00946213037848205	0.556736541922739	0.433731450910693	WEAK
MST1R	Brain_Putamen_basal_ganglia	rs7613360	0.00158701061377108	0.0320053018585248	0.0255179695584763	0.514195143142441	0.426694574826787	WEAK
QRICH1	Brain_Hypothalamus	rs7613360	0.0176730867504383	0.175549965419296	0.0363341929244959	0.360504167788504	0.409938587117266	WEAK
CCDC71	Brain_Caudate_basal_ganglia	rs7613360	0.0168084445027934	0.23712637925155	0.0228922942020056	0.322554121994261	0.40061876004939	WEAK
LINC02918	Brain_Frontal_Cortex_BA9	rs1198982	1.20761313790109e-10	0.00685628884578275	1.06167636395047e-08	0.602381730604794	0.3907619698119	WEAK
WDR6	Brain_Cortex	rs7613360	0.215632867497451	0.0357565228530639	0.31500416961861	0.0518526477648686	0.381753792266007	WEAK
NICN1	Brain_Cerebellum	rs7613360	0.000575622457487192	0.00225173009106819	0.127907394188678	0.499981118492068	0.369284134770698	WEAK
WDR6	Brain_Putamen_basal_ganglia	rs7613360	0.00977151106916047	0.0358010325578393	0.126031287925562	0.46138862168952	0.367007546757919	WEAK
NAA80	Brain_Anterior_cingulate_cortex_BA24	rs7613360	7.77478848151826e-07	4.85425309163064e-05	0.00999777418977408	0.623853149236543	0.366099756563919	WEAK
CCDC71	Brain_Cortex	rs7613360	0.433001580808905	0.0614275227375577	0.130517770225994	0.0181589349732375	0.356894191254306	WEAK
ARTN	Brain_Hippocampus	rs549845	2.24041343878328e-07	0.0164100795240126	8.71854330613178e-06	0.638251040314821	0.345329937576517	WEAK
LINC02070	Brain_Cerebellum	rs114142727	1.21008141960692e-33	4.70191075303389e-35	0.633636430804709	0.0242785884652146	0.342084980730071	WEAK
ARTN	Brain_Nucleus_accumbens_basal_ganglia	rs549845	8.02308635309007e-10	6.18695683641675e-05	8.55154370024632e-06	0.659106544596778	0.340823033488848	WEAK
PRKAR2A	Brain_Putamen_basal_ganglia	rs7613360	0.346627291367965	0.0506005364107078	0.23100841404344	0.0333841516455618	0.338379606532326	WEAK
LINC02070	Brain_Cerebellar_Hemisphere	rs114142727	2.9584403855985e-47	1.3896013813861e-48	0.633212413695075	0.0294050739882388	0.337382512316693	WEAK
LAMB2P1	Brain_Cerebellar_Hemisphere	rs7613360	0.506614222463741	0.0704746091136041	0.111333192260191	0.0151910646008528	0.296386911561611	WEAK
P4HTM	Brain_Cortex	rs7613360	0.000797487863457314	0.0488116867372432	0.0105829006912885	0.647453218593361	0.29235470611465	WEAK
C3orf62	Brain_Cerebellum	rs7613360	0.00346031168037855	0.066032891263602	0.0319644188170426	0.609685962910515	0.288856415328463	WEAK
P4HTM	Brain_Anterior_cingulate_cortex_BA24	rs7613360	0.00387985644345834	0.194592212544875	0.010036915522969	0.503107973808989	0.288383041679708	WEAK
P4HTM	Brain_Frontal_Cortex_BA9	rs7613360	0.00514531141371211	0.184810297684288	0.0142582160365234	0.511845440421066	0.283940734444411	WEAK
CCDC71	Brain_Hippocampus	rs7613360	0.380793579878074	0.0531394449541131	0.252077930484529	0.0348981863305599	0.279090858352724	WEAK
LAMB2P1	Brain_Cerebellum	rs7613360	0.00693980871154116	0.149741513245841	0.0253172369290068	0.546002621494962	0.271998819618649	WEAK
DALRD3	Brain_Nucleus_accumbens_basal_ganglia	rs7613360	0.547614677845868	0.0743446094267348	0.102972285168921	0.0137182501371205	0.261350177421356	WEAK
ARTN	Brain_Anterior_cingulate_cortex_BA24	rs549845	3.38875348420079e-08	0.0351482884800449	6.83337484748058e-07	0.708504061728955	0.25634693256598	WEAK
WDR6	Brain_Substantia_nigra	rs7613360	0.570264708960033	0.0775254566152686	0.0931259125465125	0.0124134657568456	0.246670456121341	WEAK
SEMA3F	Brain_Cortex	rs7613360	6.85738976320877e-05	0.00455228818179336	0.0114422768574883	0.759372651492193	0.224564209570894	WEAK
DALRD3	Brain_Cortex	rs7613360	0.00121451223942465	0.0670408214067088	0.0129792379632725	0.71624870216238	0.202516726228214	WEAK
MST1R	Brain_Nucleus_accumbens_basal_ganglia	rs7613360	3.22694489293795e-07	9.72386763736307e-06	0.0258958218810081	0.780134036465138	0.193960095091727	WEAK
WDR6	Brain_Nucleus_accumbens_basal_ganglia	rs7613360	0.00204727771709573	0.0250851996164445	0.0592104211080093	0.725314221068288	0.188342880490162	WEAK
BSN-DT	Brain_Nucleus_accumbens_basal_ganglia	rs7613360	0.267090788805255	0.0380048387673461	0.455738765355897	0.0646734135499037	0.174492193521599	WEAK
RNF123	Brain_Amygdala	rs7613360	0.000214971748351571	0.00453484217543564	0.0371650685617564	0.783825133700133	0.174259983814323	WEAK
ARTN	Brain_Cortex	rs549845	1.45125388363298e-08	0.0264872480792139	4.39036909824497e-07	0.801126385970428	0.172385912400911	WEAK
ARTN	Brain_Caudate_basal_ganglia	rs1198982	1.65692132660535e-07	0.0162785943974827	8.26582092393145e-06	0.811912297840242	0.171800676249219	WEAK
P4HTM	Brain_Nucleus_accumbens_basal_ganglia	rs7613360	0.00235340954546557	0.0782159925542741	0.0219019075944202	0.727744081734942	0.169784608570898	WEAK
METTL15	Brain_Spinal_cord_cervical_c-1	rs2582908	3.49895979775185e-05	0.0296938236979211	0.00094553931623529	0.802262212082046	0.167063435305821	WEAK
QRICH1	Brain_Nucleus_accumbens_basal_ganglia	rs7613360	0.000993683047447318	0.0576752530099592	0.0131382370842301	0.762402465063711	0.165790361794653	WEAK
MST1R	Brain_Cerebellum	rs7613360	1.11193631223729e-18	8.88926875758972e-17	0.0103158135668473	0.824522711739813	0.165161474693339	WEAK
LINC02918	Brain_Anterior_cingulate_cortex_BA24	rs549845	7.36144985729881e-09	0.00798187230660848	7.72304466444397e-07	0.837239451838408	0.154777896189067	WEAK
POC1B-AS1	Brain_Cerebellum	rs704061	0.00162252858842875	4.33819013372688e-05	0.823415202824865	0.0218627760560925	0.153056110629276	WEAK
RNF123	Brain_Putamen_basal_ganglia	rs7613360	3.5397734375105e-05	0.00074975383604634	0.0383593212221794	0.812334219245331	0.148521307962067	WEAK
POC1B-AS1	Brain_Cerebellar_Hemisphere	rs704061	1.93970115487677e-12	5.21523645165504e-14	0.831696930343049	0.0222155847600765	0.146087484894884	WEAK
TMEM161B-DT	Brain_Caudate_basal_ganglia	rs4916723	8.78480197474949e-06	0.00579314619325299	0.0012943843724491	0.853443571287142	0.139460113345182	WEAK
AMT	Brain_Spinal_cord_cervical_c-1	rs7613360	6.73979447312546e-05	0.00114478960490951	0.0480245277098041	0.815586731913284	0.135176552827271	WEAK
TMEM161B	Brain_Cerebellum	rs4916723	3.8609698811692e-05	0.0254604415637084	0.00128689810161756	0.84849609295523	0.124717957680632	WEAK
POU1F1	Brain_Cerebellar_Hemisphere	rs114142727	0.317768990553796	0.00712210488817843	0.545228027384622	0.0121023288707392	0.117778548302664	WEAK
INKA1	Brain_Nucleus_accumbens_basal_ganglia	rs7613360	0.0717823399641047	0.01527824264555	0.662568135009989	0.140912368194741	0.109458914185615	WEAK
ARTN	Brain_Cerebellum	rs1198982	2.96076323333369e-20	6.82184227990946e-12	3.86677034055711e-09	0.890826552146315	0.109173443980092	WEAK
RBM6	Brain_Hippocampus	rs7613360	4.95092574825694e-28	4.07646226324076e-26	0.0107393811981267	0.884147335870323	0.105113282931548	WEAK
NCKIPSD	Brain_Putamen_basal_ganglia	rs7613360	1.7677230519955e-08	4.65746448216347e-07	0.033029470788443	0.870138961157678	0.0968310846301985	WEAK
WDR6	Brain_Cerebellum	rs7613360	1.59249044954514e-06	2.90100958493025e-05	0.0470055756286417	0.856194868354677	0.0967689534303823	WEAK
BSN-DT	Brain_Cerebellum	rs7613360	0.608078089824192	0.032460827200847	0.250616514984185	0.0132830151838292	0.0955615528069469	WEAK
IP6K2	Brain_Hypothalamus	rs7613360	0.317088685874921	0.00588357623997724	0.574281980379007	0.0105636121649542	0.0921821453411405	WEAK
LINC02918	Brain_Cortex	rs549845	2.94178639284936e-10	0.00280285494564374	9.51012882733897e-08	0.906008305161932	0.0911887444969567	WEAK
NCKIPSD	Brain_Cerebellar_Hemisphere	rs7613360	8.11395877069701e-07	2.13784012646765e-05	0.0332850464892461	0.876894051057873	0.0897987126557394	WEAK
RNF123	Brain_Frontal_Cortex_BA9	rs7613360	8.98202359343322e-07	0.000126917159851786	0.00640873001832958	0.905473884903576	0.0879895697158839	WEAK
BSN	Brain_Cortex	rs7613360	0.0521225661741904	0.00768828014154851	0.745140008797108	0.109825810461621	0.0852233344255324	WEAK
GPX1	Brain_Hypothalamus	rs7613360	4.02803772009187e-05	0.00244652526824309	0.0147894238555397	0.898186573444624	0.0845371970543924	WEAK
NCKIPSD	Brain_Hippocampus	rs7613360	4.14165283815557e-07	1.09182974167424e-05	0.033509567581629	0.883301885367312	0.0831772145883579	WEAK
RBM6	Brain_Amygdala	rs7613360	3.9957065732299e-10	3.20146657225655e-08	0.0113060220376298	0.905785702359245	0.0829082431888877	WEAK
LINC02144	Brain_Cerebellum	rs4916723	0.755472424569739	0.0264551721251528	0.131012779898791	0.00450525788293988	0.0825543655233775	WEAK
RNF123	Brain_Anterior_cingulate_cortex_BA24	rs7613360	1.14446927641538e-05	0.00047509192282027	0.0216361531106082	0.898079881960221	0.0797974283135868	WEAK
RBM6	Brain_Substantia_nigra	rs7613360	1.74509789852453e-14	1.39731617230509e-12	0.0113765745510615	0.91085517247622	0.0777682529713042	WEAK
NCKIPSD	Brain_Cerebellum	rs7613360	3.408637590042e-05	0.000895094041762058	0.0338250864825034	0.888155600283592	0.0770901328162432	WEAK
RBM6	Brain_Caudate_basal_ganglia	rs7613360	1.91366492285206e-45	2.70228186863094e-43	0.00650166131792237	0.918022634659848	0.075475704022233	WEAK
ARTN	Brain_Cerebellar_Hemisphere	rs1198982	6.46935753065094e-19	1.77952830298871e-10	3.36497099393045e-09	0.925529206865362	0.0744707895917161	WEAK
NCKIPSD	Brain_Nucleus_accumbens_basal_ganglia	rs7613360	2.4588409972279e-06	5.31925680367484e-05	0.0409000088371778	0.884723234013902	0.0743211057398862	WEAK
WDR6	Brain_Frontal_Cortex_BA9	rs7613360	0.532575533691292	0.0227587456420522	0.356138718641767	0.0151456251266048	0.0733813768982845	WEAK
RBM6	Brain_Spinal_cord_cervical_c-1	rs7613360	6.36179801946017e-28	5.09625628726652e-26	0.011514643954296	0.922339382592771	0.0661459734529351	WEAK
LINC02918	Brain_Hypothalamus	rs549845	1.01066077187995e-09	0.00107512870462739	8.78936880793129e-07	0.934938437007889	0.0639855543399419	WEAK
BSN-DT	Brain_Spinal_cord_cervical_c-1	rs7613360	0.0346716981315546	0.00488774179836496	0.789858720185688	0.11128874260626	0.0592930972781326	WEAK
GPX1	Brain_Cerebellar_Hemisphere	rs7613360	5.05421692502732e-05	0.0040033881374577	0.0116957833502278	0.926351890046334	0.0578983962967308	WEAK
BSN-DT	Brain_Putamen_basal_ganglia	rs7613360	0.0119144969745212	0.0016959143720286	0.814744135340072	0.115915283260396	0.0557301700529829	WEAK
RBM6	Brain_Anterior_cingulate_cortex_BA24	rs7613360	7.16807215017636e-23	9.23497982147238e-21	0.00727834258543572	0.937649592481557	0.0550720649330056	WEAK
RNF123	Brain_Hippocampus	rs7613360	1.30775304597563e-05	0.000819103755754803	0.0148656342153181	0.93104737270462	0.0532548117938479	WEAK
AMT	Brain_Anterior_cingulate_cortex_BA24	rs7613360	2.05770482898965e-05	0.00125411279792586	0.0152927037424934	0.931995531379944	0.0514370750313473	WEAK
C3orf62	Brain_Cerebellar_Hemisphere	rs7613360	0.0416029795099949	0.0006577750833643	0.893347613627204	0.0140741949887138	0.0503174367907233	WEAK
GPX1	Brain_Hippocampus	rs7613360	2.04406254394281e-05	0.00120450037461447	0.015831852164964	0.932870101967511	0.0500731048674708	WEAK
IP6K2	Brain_Caudate_basal_ganglia	rs7613360	0.106110465172905	0.00168470888499424	0.829405946494332	0.0131187435917111	0.0496801358560581	WEAK
LINC02918	Brain_Caudate_basal_ganglia	rs549845	1.16966174640747e-13	2.00544644477642e-07	5.54333585397773e-07	0.950384407195018	0.0496148379266355	WEAK
RNF123	Brain_Cortex	rs7613360	4.82038131008314e-12	3.42575905137966e-10	0.0132251307905471	0.939839530004178	0.0469353388578778	WEAK
MST1	Brain_Cerebellum	rs7613360	0.0532661452366388	0.00058885826711379	0.889565848416722	0.00978737590891713	0.0467917721706079	WEAK
AMT	Brain_Cerebellar_Hemisphere	rs7613360	1.43384361921125e-26	8.7961559518548e-25	0.015300010307818	0.938558842893132	0.0461411467990529	WEAK
GPX1	Brain_Nucleus_accumbens_basal_ganglia	rs7613360	1.12197823471191e-17	6.88544468009948e-16	0.0153026433482448	0.939059069574617	0.0456382870771356	WEAK
AMT	Brain_Putamen_basal_ganglia	rs7613360	4.33365347895438e-13	2.64833627392049e-11	0.0153670077175028	0.93904666360588	0.0455863286497021	WEAK
AMT	Brain_Frontal_Cortex_BA9	rs7613360	3.09291543794726e-19	1.89704520212741e-17	0.0153128973611447	0.939173778390654	0.0455133242482025	WEAK
AMT	Brain_Caudate_basal_ganglia	rs7613360	2.70686710019578e-16	1.6602067714738e-14	0.0153143579828702	0.939232312545919	0.0454533294711932	WEAK
AMT	Brain_Cortex	rs7613360	3.47740427397275e-35	2.17921979037715e-33	0.0149970092319999	0.939787393439706	0.045215597328294	WEAK
AMT	Brain_Cerebellum	rs7613360	3.64372236363394e-48	2.23923186399133e-46	0.0152890346455777	0.939535015167919	0.0451759501865012	WEAK
GPX1	Brain_Anterior_cingulate_cortex_BA24	rs7613360	2.3729526390357e-10	1.45578774279313e-08	0.0153151294189285	0.939525961093063	0.0451588946928367	WEAK
RBM6	Brain_Nucleus_accumbens_basal_ganglia	rs7613360	1.91509833689286e-51	1.75160040542686e-49	0.0103278919033997	0.944571648283805	0.0451004598127943	WEAK
GPX1	Brain_Putamen_basal_ganglia	rs7613360	1.48520608535855e-07	9.04054729697799e-06	0.0154387572395218	0.939722495706933	0.0448295579856401	WEAK
NCKIPSD	Brain_Hypothalamus	rs7613360	2.82729108363961e-05	0.000745133334971613	0.0349198028897424	0.920268317560775	0.044038473303674	WEAK
GPX1	Brain_Cerebellum	rs7613360	1.50224312650511e-10	9.26971130051433e-09	0.0152487210840683	0.940890663622735	0.043860605873261	WEAK
AMT	Brain_Hypothalamus	rs7613360	2.1879006253664e-06	0.000133370537505344	0.0154380845547875	0.941034832620345	0.043391524386737	WEAK
QRICH1	Brain_Cerebellar_Hemisphere	rs7613360	1.23727266934231e-08	2.0371341865198e-07	0.0547815378961915	0.901919109018215	0.0432991369994462	WEAK
P4HTM	Brain_Cerebellum	rs7613360	5.74563945594877e-06	0.000351573869771823	0.0153798383512105	0.94104424905194	0.0432185930876221	WEAK
AMT	Brain_Nucleus_accumbens_basal_ganglia	rs7613360	1.18792734931708e-15	7.21444839113997e-14	0.0155006961370596	0.941335721008432	0.0431635828544315	WEAK
DALRD3	Brain_Cerebellum	rs7613360	2.36033585938941e-08	1.44475251034076e-06	0.01538297335777	0.941542815839211	0.0430727424471508	WEAK
AMT	Brain_Hippocampus	rs7613360	3.07084556021082e-09	1.93231858054367e-07	0.0149710802784004	0.942006847632403	0.0430218757864933	WEAK
NCKIPSD	Brain_Spinal_cord_cervical_c-1	rs7613360	6.00725377160329e-06	8.59657773525403e-05	0.0625189425526665	0.894623866180689	0.04276521823552	WEAK
NICN1	Brain_Nucleus_accumbens_basal_ganglia	rs7613360	1.09857582294423e-06	6.70578801286713e-05	0.0154305479698384	0.941849400041303	0.0426518955329075	WEAK
IP6K2	Brain_Hippocampus	rs7613360	0.0133203646518916	0.00027616510518176	0.925490263285492	0.0191460044978172	0.0417672024596177	WEAK
MST1	Brain_Hypothalamus	rs7613360	0.00194291541975758	1.41012691414758e-05	0.951354629896972	0.00686490722234147	0.039823446191787	WEAK
RNF123	Brain_Nucleus_accumbens_basal_ganglia	rs7613360	8.65880136513334e-13	7.85157742543438e-11	0.0104984908537882	0.95193847051102	0.0375630385558092	WEAK
LINC02918	Brain_Putamen_basal_ganglia	rs549845	8.89207866213495e-12	1.6265977586215e-05	5.26866745908259e-07	0.963743209723296	0.0362399974234795	WEAK
RNF123	Brain_Caudate_basal_ganglia	rs7613360	2.5490866121768e-12	2.31879173941769e-10	0.0104806370691416	0.953341182309034	0.0361781803873958	WEAK
GPX1	Brain_Frontal_Cortex_BA9	rs7613360	1.5640849145745e-11	1.2625542561908e-09	0.0118038732123734	0.952792043132848	0.0354040823765838	WEAK
SDHAF4	Brain_Cerebellar_Hemisphere	rs2025286	0.00469434834938145	4.716746246905e-05	0.950383960558599	0.00951382407637882	0.0353606995531716	WEAK
C3orf62	Brain_Nucleus_accumbens_basal_ganglia	rs7613360	0.234638080795788	0.00204657537178623	0.721989653004466	0.00626232125577099	0.0350633695721892	WEAK
SDHAF4	Brain_Hippocampus	rs2025286	4.89529902680348e-05	5.06635863474526e-07	0.955199599557208	0.00985087752174034	0.0349000632949193	WEAK
SDHAF4	Brain_Frontal_Cortex_BA9	rs2025286	6.17077397045213e-05	6.14295218248007e-07	0.955600037146057	0.00947805623744178	0.0348595845815787	WEAK
GPX1	Brain_Caudate_basal_ganglia	rs7613360	1.39231305132764e-13	1.11754614455982e-11	0.0118804668558861	0.953556291753903	0.0345632413788947	WEAK
SDHAF4	Brain_Nucleus_accumbens_basal_ganglia	rs2025286	7.01123453762012e-05	7.44500879188627e-07	0.955619900407538	0.0101132302675307	0.0341960124786768	WEAK
IP6K2	Brain_Cerebellar_Hemisphere	rs7613360	0.000260587878498722	5.81963936029287e-06	0.946031300333938	0.0210948564479255	0.0326074357002776	WEAK
LINC02918	Brain_Cerebellar_Hemisphere	rs549845	4.79050768816456e-10	0.00125612801550012	3.68525254320292e-07	0.966284529755762	0.0324589732244322	WEAK
SDHAF4	Brain_Caudate_basal_ganglia	rs2025286	0.0766019131275559	0.000610433288421875	0.883765676935124	0.00701063245332372	0.0320113441955745	WEAK
NCKIPSD	Brain_Cortex	rs7613360	2.03005004787274e-09	5.34937025176776e-08	0.0354068246340153	0.932971062310935	0.0316220575312963	WEAK
MST1	Brain_Nucleus_accumbens_basal_ganglia	rs7613360	0.00272844339204232	2.58750520930549e-05	0.957290664349694	0.00904750910133872	0.0309075081048312	WEAK
IP6K2	Brain_Cerebellum	rs7613360	0.000172506677903146	3.93826339361617e-06	0.947451592018215	0.0215991952277662	0.0307727678127216	WEAK
GPX1	Brain_Cortex	rs7613360	3.13574105106511e-13	2.98475311855705e-11	0.0100847696855392	0.959888131916021	0.0300270983682783	WEAK
SDHAF4	Brain_Hypothalamus	rs2025286	0.0268801055373799	0.000242619382479165	0.935754701358345	0.00841740109283272	0.0287051726289628	WEAK
SDHAF4	Brain_Anterior_cingulate_cortex_BA24	rs2025286	0.000231963935539971	2.49927518154201e-06	0.960793593877827	0.0103233381304571	0.028648604780995	WEAK
MST1	Brain_Cerebellar_Hemisphere	rs7613360	0.045905911924723	0.00070821223237246	0.911735925730184	0.0140381699072245	0.0276117802054963	WEAK
IP6K2	Brain_Frontal_Cortex_BA9	rs7613360	0.0559140666020083	2.98861343367478e-05	0.916600118542074	0.000462930843125867	0.026992997878455	WEAK
NCKIPSD	Brain_Anterior_cingulate_cortex_BA24	rs7613360	3.6342490271006e-07	5.4198681660868e-06	0.0611467166073329	0.911872953965953	0.0269745461336443	WEAK
RNF123	Brain_Hypothalamus	rs7613360	2.86412367960666e-09	3.7224049452337e-07	0.00743365245081827	0.966100271111742	0.0264657013328198	WEAK
MST1	Brain_Anterior_cingulate_cortex_BA24	rs7613360	0.0775778421812407	0.000764216295462147	0.887223580189535	0.0087142847835368	0.0257200765502247	WEAK
MST1	Brain_Hippocampus	rs7613360	0.00362244998611356	4.67226128113937e-05	0.958551855722332	0.0123380278096657	0.0254409438690778	WEAK
MST1	Brain_Caudate_basal_ganglia	rs7613360	0.000181876064186919	1.4718754308031e-06	0.966719530259887	0.00779810936968978	0.0252990124308063	WEAK
MST1	Brain_Putamen_basal_ganglia	rs7613360	0.00241496251016044	1.67121787168044e-05	0.966134969729379	0.00666113707024144	0.0247722185115018	WEAK
RNF123	Brain_Cerebellar_Hemisphere	rs7613360	6.32413318492971e-15	8.60245586387413e-13	0.00711836840582933	0.968257482557152	0.0246241490361495	WEAK
C3orf62	Brain_Caudate_basal_ganglia	rs7613360	0.406584105433669	0.00196444467958873	0.564915685552415	0.00270560662565005	0.0238301577086772	WEAK
CCDC71	Brain_Nucleus_accumbens_basal_ganglia	rs7613360	0.115326003930819	0.00364850979474079	0.831636492279082	0.0262869562693688	0.0231020377259892	WEAK
SDHAF4	Brain_Cortex	rs2025286	0.000278599789487399	3.01208035996693e-06	0.966383643876506	0.0104251427795754	0.0229096014740719	WEAK
MST1	Brain_Frontal_Cortex_BA9	rs7613360	0.0262066850359942	7.51184080105469e-05	0.948396538777457	0.00269584231806448	0.0226258154604743	WEAK
RBM6	Brain_Putamen_basal_ganglia	rs7613360	1.53919386808078e-27	1.33157937400876e-25	0.0111693143906763	0.966251323677235	0.0225793619320882	WEAK
RNF123	Brain_Cerebellum	rs7613360	1.6886647941374e-27	2.39286718826051e-25	0.00685113352220933	0.970795102998894	0.0223537634788936	WEAK
RASSF1	Brain_Cerebellar_Hemisphere	rs7613360	0.896963845620622	0.0246577421175031	0.054653049570599	0.00148017970161034	0.0222451829896659	WEAK
SNRK	Brain_Cerebellum	rs9877066	2.45826700871969e-06	0.000329705200558537	0.0072427734828252	0.971386898925114	0.0210381641244939	WEAK
MST1	Brain_Cortex	rs7613360	0.00416571607784607	2.58691555117023e-05	0.969285575770805	0.00599875299056158	0.0205240860052762	WEAK
INKA1	Brain_Cerebellum	rs7613360	4.28952242889726e-64	6.0570069629908e-62	0.00690057815984488	0.974375294219695	0.0187241276204479	WEAK
INKA1	Brain_Cerebellar_Hemisphere	rs7613360	3.64464823557838e-52	5.14111835353002e-50	0.00690775153472782	0.974384469189565	0.0187077792757096	WEAK
LINC02918	Brain_Cerebellum	rs549845	6.1747948958481e-14	6.68749640781534e-08	9.07576165272338e-07	0.982916350329759	0.0170826752190516	WEAK
TMEM161B-DT	Brain_Cerebellum	rs4916723	4.31064595772337e-06	0.00284265978714489	0.00148471867229573	0.979082627369749	0.0165856835248527	WEAK
RBM6	Brain_Cerebellar_Hemisphere	rs7613360	2.10921313182611e-67	2.21250751690172e-65	0.00928799469552958	0.974269074769144	0.0164429305353349	WEAK
TMEM161B-DT	Brain_Hypothalamus	rs188582	8.6697243288592e-11	0.00495415954372439	1.71308718489676e-08	0.978897009709589	0.0161488135291165	WEAK
POC1B	Brain_Cerebellar_Hemisphere	rs704061	0.23818592162515	0.000346795029407593	0.745478556804057	0.00107048704502107	0.0149182394963641	WEAK
RBM6	Brain_Cerebellum	rs7613360	3.59705274230438e-94	4.31698841641427e-92	0.00814437469553996	0.977429435171169	0.0144261901333043	WEAK
QRICH1	Brain_Cerebellum	rs7613360	1.75275450308022e-12	1.0752502027298e-10	0.0158252898044693	0.970809761770792	0.013364948315462	WEAK
RBM6	Brain_Frontal_Cortex_BA9	rs7613360	1.11287820086939e-58	1.57234238337224e-56	0.00693529720609095	0.979847987313935	0.0132167154799876	WEAK
RBM6	Brain_Cortex	rs7613360	1.83092515250466e-71	2.59557241875004e-69	0.00691243114930631	0.9799130454591	0.0131745233915867	WEAK
VGLL3	Brain_Putamen_basal_ganglia	rs114142727	0.219754224137042	0.00117437155719094	0.762223795202469	0.00406055419172446	0.0127870549115733	WEAK
POC1B	Brain_Cerebellum	rs704061	0.135512951923698	0.000216674508899703	0.85058206567136	0.00134767291901897	0.0123406349770237	WEAK
RBM6	Brain_Hypothalamus	rs7613360	2.22575477872472e-38	3.13193824331874e-36	0.0069703637239956	0.98081230681384	0.0122173294621644	WEAK
TMEM161B-DT	Brain_Nucleus_accumbens_basal_ganglia	rs4916723	2.98509884685422e-07	0.000196852558593232	0.00149595916616318	0.986499542924045	0.0118073468413139	WEAK
LINC00506	Brain_Cerebellum	rs114142727	0.00414145092952574	2.39272015104627e-05	0.978854648086626	0.00564398936236711	0.0113359844199705	WEAK
HYAL1	Brain_Caudate_basal_ganglia	rs7613360	0.939614216710153	0.0232986658228971	0.0252658944467085	0.000615286959599791	0.0112059360606417	WEAK
HYAL1	Brain_Cortex	rs7613360	0.941475998168093	0.0266800981320211	0.0212363296144444	0.000591791761553789	0.0100157823238872	WEAK
BSN-DT	Brain_Anterior_cingulate_cortex_BA24	rs7613360	0.00123420327532646	6.81127529731698e-06	0.984237871111216	0.00542267705075803	0.00909843728740258	WEAK
BSN-DT	Brain_Cortex	rs7613360	0.00113278793700812	0.000169633863331888	0.860731309704116	0.128884573141277	0.00908169535426642	WEAK
LINC02918	Brain_Nucleus_accumbens_basal_ganglia	rs549845	2.86743218038342e-15	1.98661823997028e-08	1.43059179159355e-07	0.991135675044288	0.00886416203034794	WEAK
TEX264	Brain_Nucleus_accumbens_basal_ganglia	rs2311059	0.249708202067138	0.000241937991568862	0.740882702371136	0.000709370748708954	0.0084577868214483	WEAK
SEMA3B-AS1	Brain_Substantia_nigra	rs7613360	0.946012186844806	0.0265363316121263	0.0188422529082989	0.000520450154153873	0.00808877848061532	WEAK
TEX264	Brain_Cerebellum	rs2311059	0.286997732168727	0.000209807300645715	0.70426163003074	0.000506820586343519	0.00802400991354361	WEAK
TEX264	Brain_Cortex	rs2311059	0.375653911489316	0.000372032774640133	0.615656018207462	0.000602005335460287	0.00771603219312137	WEAK
PPM1M	Brain_Cortex	rs2311059	1.54642038611177e-07	1.43649742426782e-10	0.991788757709022	0.000913993137358113	0.00729709436793189	WEAK
PPM1M	Brain_Frontal_Cortex_BA9	rs2311059	7.90328355472955e-06	7.68329021555015e-09	0.991770743967928	0.000956899677084424	0.00726444538814247	WEAK
PPM1M	Brain_Nucleus_accumbens_basal_ganglia	rs2311059	0.00010223430734203	8.909693327268e-08	0.991783558428848	0.00085707975638626	0.00725703841049026	WEAK
NCKIPSD	Brain_Frontal_Cortex_BA9	rs7613360	9.41489919504675e-06	0.000200565915345394	0.0445038937064776	0.94806072442573	0.00722540105325276	WEAK
PPM1M	Brain_Putamen_basal_ganglia	rs2311059	0.00728685986645437	4.99630947901172e-06	0.984843721737736	0.000668071750388173	0.00719635033594221	WEAK
BSN-DT	Brain_Frontal_Cortex_BA9	rs7613360	7.88723876341842e-06	1.12896900112808e-06	0.868711274166701	0.124339250759975	0.00694045886555931	WEAK
PPM1M	Brain_Caudate_basal_ganglia	rs2311059	0.0275178239779951	2.24046563479252e-05	0.964770429192591	0.00077859285510895	0.00691074931795702	WEAK
BSN-DT	Brain_Substantia_nigra	rs7613360	0.1197540270235	6.610386545426e-05	0.872835557150543	0.00047493324343819	0.00686937871706511	WEAK
DNAH1	Brain_Cerebellar_Hemisphere	rs2311059	1.50875834929775e-07	1.62077259151854e-10	0.992228012933285	0.00105918101088803	0.00671265501791574	WEAK
METTL15	Brain_Caudate_basal_ganglia	rs2582895	7.49424203204605e-05	0.000316014190290166	0.19035043658252	0.802655478384065	0.00660312842280484	WEAK
DNAH1	Brain_Cortex	rs2311059	1.29727883903517e-07	1.38463762936166e-10	0.992365514102267	0.00105260968695511	0.0065817463444292	WEAK
DNAH1	Brain_Frontal_Cortex_BA9	rs2311059	0.00325538725025163	3.01694577224744e-06	0.989306506292809	0.000910319787367301	0.00652476972379946	WEAK
DNAH1	Brain_Cerebellum	rs2311059	2.98099083991749e-10	2.90016644574144e-13	0.992600431323793	0.000959247472027318	0.00644032090578971	WEAK
PPM1M	Brain_Anterior_cingulate_cortex_BA24	rs2311059	0.0546014618871373	4.00540865240438e-05	0.938372065014421	0.000682058818828083	0.00630436019308928	WEAK
DNAH1	Brain_Nucleus_accumbens_basal_ganglia	rs2311059	0.0201796466063515	1.43653453883107e-05	0.972893949761907	0.000686351238959264	0.00622568704739394	WEAK
PPM1M	Brain_Hypothalamus	rs2311059	0.157430503420778	0.000113562279328671	0.835795704383761	0.000596836700352777	0.0060633932157801	WEAK
